39 212
39 227
39 186
39 211
39 215
39 211
39 216
39 254
39 251
39 236
39 214
39 192
39 241
39 282
39 256
39 226
39 247
39 253
39 245
39 204
39 243
39 227
39 231
39 207
39 207
39 246
39 254
39 242
39 242
39 252
39 245
39 221
39 255
39 232
39 243
39 181
39 240
39 258
39 264
39 223
39 234
39 244
39 245
39 239
39 229
39 256
39 224
39 228
39 235
39 212
39 240
39 208
39 256
39 230
39 266
39 237
39 241
39 226
39 241
39 261
39 252
39 244
39 279
39 206
39 275
39 187
39 199
39 213
39 224
39 215
39 269
39 224
39 249
39 269
39 251
39 254
39 233
39 236
39 245
39 229
39 219
39 252
39 259
39 240
39 231
39 241
39 222
39 204
39 288
39 232
39 212
39 230
39 234
39 224
39 231
39 219
39 193
39 238
39 202
39 248
